Year,Month,Anomaly_Temp_K,Date
1850,1,-0.395811,1850-01-01
1850,2,-0.363577,1850-02-01
1850,3,-0.403492,1850-03-01
1850,4,-0.389657,1850-04-01
1850,5,-0.380404,1850-05-01
1850,6,-0.308614,1850-06-01
1850,7,-0.357613,1850-07-01
1850,8,-0.37573,1850-08-01
1850,9,-0.365465,1850-09-01
1850,10,-0.353659,1850-10-01
1850,11,-0.313751,1850-11-01
1850,12,-0.31485,1850-12-01
1851,1,-0.308777,1851-01-01
1851,2,-0.327057,1851-02-01
1851,3,-0.352459,1851-03-01
1851,4,-0.476652,1851-04-01
1851,5,-0.454578,1851-05-01
1851,6,-0.391668,1851-06-01
1851,7,-0.269804,1851-07-01
1851,8,-0.215238,1851-08-01
1851,9,-0.184492,1851-09-01
1851,10,-0.155211,1851-10-01
1851,11,-0.158545,1851-11-01
1851,12,-0.252319,1851-12-01
1852,1,-0.338361,1852-01-01
1852,2,-0.401979,1852-02-01
1852,3,-0.430791,1852-03-01
1852,4,-0.453194,1852-04-01
1852,5,-0.302548,1852-05-01
1852,6,-0.220011,1852-06-01
1852,7,-0.215753,1852-07-01
1852,8,-0.18407,1852-08-01
1852,9,-0.225581,1852-09-01
1852,10,-0.109492,1852-10-01
1852,11,-0.094482,1852-11-01
1852,12,-0.174578,1852-12-01
1853,1,-0.202254,1853-01-01
1853,2,-0.292524,1853-02-01
1853,3,-0.23626,1853-03-01
1853,4,-0.327447,1853-04-01
1853,5,-0.325455,1853-05-01
1853,6,-0.243494,1853-06-01
1853,7,-0.23532,1853-07-01
1853,8,-0.248729,1853-08-01
1853,9,-0.313832,1853-09-01
1853,10,-0.320735,1853-10-01
1853,11,-0.335017,1853-11-01
1853,12,-0.384984,1853-12-01
1854,1,-0.391652,1854-01-01
1854,2,-0.358244,1854-02-01
1854,3,-0.25724,1854-03-01
1854,4,-0.325782,1854-04-01
1854,5,-0.293031,1854-05-01
1854,6,-0.371361,1854-06-01
1854,7,-0.34907,1854-07-01
1854,8,-0.361767,1854-08-01
1854,9,-0.285493,1854-09-01
1854,10,-0.239395,1854-10-01
1854,11,-0.299763,1854-11-01
1854,12,-0.27154,1854-12-01
1855,1,-0.324722,1855-01-01
1855,2,-0.288945,1855-02-01
1855,3,-0.292663,1855-03-01
1855,4,-0.315394,1855-04-01
1855,5,-0.341873,1855-05-01
1855,6,-0.37247,1855-06-01
1855,7,-0.37011,1855-07-01
1855,8,-0.324098,1855-08-01
1855,9,-0.277392,1855-09-01
1855,10,-0.18908,1855-10-01
1855,11,-0.194912,1855-11-01
1855,12,-0.203078,1855-12-01
1856,1,-0.217231,1856-01-01
1856,2,-0.308466,1856-02-01
1856,3,-0.338887,1856-03-01
1856,4,-0.347869,1856-04-01
1856,5,-0.369131,1856-05-01
1856,6,-0.303894,1856-06-01
1856,7,-0.428368,1856-07-01
1856,8,-0.411306,1856-08-01
1856,9,-0.457677,1856-09-01
1856,10,-0.509427,1856-10-01
1856,11,-0.531064,1856-11-01
1856,12,-0.558599,1856-12-01
1857,1,-0.497104,1857-01-01
1857,2,-0.514438,1857-02-01
1857,3,-0.551208,1857-03-01
1857,4,-0.524312,1857-04-01
1857,5,-0.523652,1857-05-01
1857,6,-0.462336,1857-06-01
1857,7,-0.432026,1857-07-01
1857,8,-0.424535,1857-08-01
1857,9,-0.34535,1857-09-01
1857,10,-0.353094,1857-10-01
1857,11,-0.371795,1857-11-01
1857,12,-0.398216,1857-12-01
1858,1,-0.411666,1858-01-01
1858,2,-0.462626,1858-02-01
1858,3,-0.36862,1858-03-01
1858,4,-0.431572,1858-04-01
1858,5,-0.515403,1858-05-01
1858,6,-0.454487,1858-06-01
1858,7,-0.414031,1858-07-01
1858,8,-0.387439,1858-08-01
1858,9,-0.37375,1858-09-01
1858,10,-0.371634,1858-10-01
1858,11,-0.287873,1858-11-01
1858,12,-0.339389,1858-12-01
1859,1,-0.325691,1859-01-01
1859,2,-0.286354,1859-02-01
1859,3,-0.283748,1859-03-01
1859,4,-0.31998,1859-04-01
1859,5,-0.26706,1859-05-01
1859,6,-0.331471,1859-06-01
1859,7,-0.302487,1859-07-01
1859,8,-0.290127,1859-08-01
1859,9,-0.276459,1859-09-01
1859,10,-0.284606,1859-10-01
1859,11,-0.252639,1859-11-01
1859,12,-0.172288,1859-12-01
1860,1,-0.206543,1860-01-01
1860,2,-0.228224,1860-02-01
1860,3,-0.233367,1860-03-01
1860,4,-0.365183,1860-04-01
1860,5,-0.381555,1860-05-01
1860,6,-0.38354,1860-06-01
1860,7,-0.439579,1860-07-01
1860,8,-0.42105,1860-08-01
1860,9,-0.420466,1860-09-01
1860,10,-0.392536,1860-10-01
1860,11,-0.43856,1860-11-01
1860,12,-0.459814,1860-12-01
1861,1,-0.632075,1861-01-01
1861,2,-0.602641,1861-02-01
1861,3,-0.57672,1861-03-01
1861,4,-0.451184,1861-04-01
1861,5,-0.502746,1861-05-01
1861,6,-0.482298,1861-06-01
1861,7,-0.389358,1861-07-01
1861,8,-0.323463,1861-08-01
1861,9,-0.260028,1861-09-01
1861,10,-0.33658,1861-10-01
1861,11,-0.311355,1861-11-01
1861,12,-0.393121,1861-12-01
1862,1,-0.488065,1862-01-01
1862,2,-0.52384,1862-02-01
1862,3,-0.456921,1862-03-01
1862,4,-0.513105,1862-04-01
1862,5,-0.539144,1862-05-01
1862,6,-0.45601,1862-06-01
1862,7,-0.491565,1862-07-01
1862,8,-0.484801,1862-08-01
1862,9,-0.411089,1862-09-01
1862,10,-0.386722,1862-10-01
1862,11,-0.333296,1862-11-01
1862,12,-0.403597,1862-12-01
1863,1,-0.402945,1863-01-01
1863,2,-0.368989,1863-02-01
1863,3,-0.355755,1863-03-01
1863,4,-0.407425,1863-04-01
1863,5,-0.389934,1863-05-01
1863,6,-0.431746,1863-06-01
1863,7,-0.411836,1863-07-01
1863,8,-0.346994,1863-08-01
1863,9,-0.378651,1863-09-01
1863,10,-0.34329,1863-10-01
1863,11,-0.373927,1863-11-01
1863,12,-0.261343,1863-12-01
1864,1,-0.398632,1864-01-01
1864,2,-0.446883,1864-02-01
1864,3,-0.406721,1864-03-01
1864,4,-0.358291,1864-04-01
1864,5,-0.322243,1864-05-01
1864,6,-0.286469,1864-06-01
1864,7,-0.317544,1864-07-01
1864,8,-0.341974,1864-08-01
1864,9,-0.380245,1864-09-01
1864,10,-0.334835,1864-10-01
1864,11,-0.191876,1864-11-01
1864,12,-0.160965,1864-12-01
1865,1,-0.225577,1865-01-01
1865,2,-0.276202,1865-02-01
1865,3,-0.249161,1865-03-01
1865,4,-0.290179,1865-04-01
1865,5,-0.336043,1865-05-01
1865,6,-0.289211,1865-06-01
1865,7,-0.210703,1865-07-01
1865,8,-0.187359,1865-08-01
1865,9,-0.238622,1865-09-01
1865,10,-0.212884,1865-10-01
1865,11,-0.270616,1865-11-01
1865,12,-0.231845,1865-12-01
1866,1,-0.165065,1866-01-01
1866,2,-0.129266,1866-02-01
1866,3,-0.16994,1866-03-01
1866,4,-0.283675,1866-04-01
1866,5,-0.328197,1866-05-01
1866,6,-0.235182,1866-06-01
1866,7,-0.209586,1866-07-01
1866,8,-0.30191,1866-08-01
1866,9,-0.385064,1866-09-01
1866,10,-0.244701,1866-10-01
1866,11,-0.213138,1866-11-01
1866,12,-0.295065,1866-12-01
1867,1,-0.330405,1867-01-01
1867,2,-0.279853,1867-02-01
1867,3,-0.281736,1867-03-01
1867,4,-0.363477,1867-04-01
1867,5,-0.341197,1867-05-01
1867,6,-0.355472,1867-06-01
1867,7,-0.394334,1867-07-01
1867,8,-0.249328,1867-08-01
1867,9,-0.174298,1867-09-01
1867,10,-0.255644,1867-10-01
1867,11,-0.37258,1867-11-01
1867,12,-0.541792,1867-12-01
1868,1,-0.559828,1868-01-01
1868,2,-0.393413,1868-02-01
1868,3,-0.273655,1868-03-01
1868,4,-0.307426,1868-04-01
1868,5,-0.234581,1868-05-01
1868,6,-0.215253,1868-06-01
1868,7,-0.299485,1868-07-01
1868,8,-0.291979,1868-08-01
1868,9,-0.340615,1868-09-01
1868,10,-0.253912,1868-10-01
1868,11,-0.227516,1868-11-01
1868,12,-0.245728,1868-12-01
1869,1,-0.236018,1869-01-01
1869,2,-0.288674,1869-02-01
1869,3,-0.279173,1869-03-01
1869,4,-0.326098,1869-04-01
1869,5,-0.268073,1869-05-01
1869,6,-0.268387,1869-06-01
1869,7,-0.335791,1869-07-01
1869,8,-0.43754,1869-08-01
1869,9,-0.403845,1869-09-01
1869,10,-0.333966,1869-10-01
1869,11,-0.187795,1869-11-01
1869,12,-0.208274,1869-12-01
1870,1,-0.163689,1870-01-01
1870,2,-0.237973,1870-02-01
1870,3,-0.243196,1870-03-01
1870,4,-0.286293,1870-04-01
1870,5,-0.339569,1870-05-01
1870,6,-0.401667,1870-06-01
1870,7,-0.31849,1870-07-01
1870,8,-0.279743,1870-08-01
1870,9,-0.362578,1870-09-01
1870,10,-0.404686,1870-10-01
1870,11,-0.34414,1870-11-01
1870,12,-0.378262,1870-12-01
1871,1,-0.383405,1871-01-01
1871,2,-0.337575,1871-02-01
1871,3,-0.247623,1871-03-01
1871,4,-0.210881,1871-04-01
1871,5,-0.221786,1871-05-01
1871,6,-0.247548,1871-06-01
1871,7,-0.246548,1871-07-01
1871,8,-0.339869,1871-08-01
1871,9,-0.388212,1871-09-01
1871,10,-0.371931,1871-10-01
1871,11,-0.298229,1871-11-01
1871,12,-0.32562,1871-12-01
1872,1,-0.309662,1872-01-01
1872,2,-0.34057,1872-02-01
1872,3,-0.359161,1872-03-01
1872,4,-0.370758,1872-04-01
1872,5,-0.363133,1872-05-01
1872,6,-0.31069,1872-06-01
1872,7,-0.308103,1872-07-01
1872,8,-0.277958,1872-08-01
1872,9,-0.334313,1872-09-01
1872,10,-0.362444,1872-10-01
1872,11,-0.340953,1872-11-01
1872,12,-0.380265,1872-12-01
1873,1,-0.307859,1873-01-01
1873,2,-0.402349,1873-02-01
1873,3,-0.505081,1873-03-01
1873,4,-0.516651,1873-04-01
1873,5,-0.45503,1873-05-01
1873,6,-0.379384,1873-06-01
1873,7,-0.308973,1873-07-01
1873,8,-0.300344,1873-08-01
1873,9,-0.305614,1873-09-01
1873,10,-0.345144,1873-10-01
1873,11,-0.358488,1873-11-01
1873,12,-0.35203,1873-12-01
1874,1,-0.359375,1874-01-01
1874,2,-0.357793,1874-02-01
1874,3,-0.496341,1874-03-01
1874,4,-0.518353,1874-04-01
1874,5,-0.619137,1874-05-01
1874,6,-0.499486,1874-06-01
1874,7,-0.385259,1874-07-01
1874,8,-0.365158,1874-08-01
1874,9,-0.408034,1874-09-01
1874,10,-0.390739,1874-10-01
1874,11,-0.457296,1874-11-01
1874,12,-0.40216,1874-12-01
1875,1,-0.306625,1875-01-01
1875,2,-0.337451,1875-02-01
1875,3,-0.359309,1875-03-01
1875,4,-0.337139,1875-04-01
1875,5,-0.344245,1875-05-01
1875,6,-0.380131,1875-06-01
1875,7,-0.357508,1875-07-01
1875,8,-0.317365,1875-08-01
1875,9,-0.294931,1875-09-01
1875,10,-0.240842,1875-10-01
1875,11,-0.273792,1875-11-01
1875,12,-0.337971,1875-12-01
1876,1,-0.378123,1876-01-01
1876,2,-0.435199,1876-02-01
1876,3,-0.395215,1876-03-01
1876,4,-0.511229,1876-04-01
1876,5,-0.597767,1876-05-01
1876,6,-0.425849,1876-06-01
1876,7,-0.390326,1876-07-01
1876,8,-0.329638,1876-08-01
1876,9,-0.365264,1876-09-01
1876,10,-0.282322,1876-10-01
1876,11,-0.310905,1876-11-01
1876,12,-0.22479,1876-12-01
1877,1,-0.236989,1877-01-01
1877,2,-0.193504,1877-02-01
1877,3,-0.190815,1877-03-01
1877,4,-0.194875,1877-04-01
1877,5,-0.153463,1877-05-01
1877,6,-0.127071,1877-06-01
1877,7,-0.021952,1877-07-01
1877,8,-0.047195,1877-08-01
1877,9,0.014021,1877-09-01
1877,10,0.099864,1877-10-01
1877,11,0.135874,1877-11-01
1877,12,0.102122,1877-12-01
1878,1,0.081292,1878-01-01
1878,2,0.046816,1878-02-01
1878,3,-0.009803,1878-03-01
1878,4,-0.088706,1878-04-01
1878,5,-0.083142,1878-05-01
1878,6,-0.106886,1878-06-01
1878,7,-0.153452,1878-07-01
1878,8,-0.143601,1878-08-01
1878,9,-0.180762,1878-09-01
1878,10,-0.231394,1878-10-01
1878,11,-0.248266,1878-11-01
1878,12,-0.244499,1878-12-01
1879,1,-0.246382,1879-01-01
1879,2,-0.160054,1879-02-01
1879,3,-0.231343,1879-03-01
1879,4,-0.261362,1879-04-01
1879,5,-0.266148,1879-05-01
1879,6,-0.297543,1879-06-01
1879,7,-0.292802,1879-07-01
1879,8,-0.338812,1879-08-01
1879,9,-0.324996,1879-09-01
1879,10,-0.307637,1879-10-01
1879,11,-0.298453,1879-11-01
1879,12,-0.323479,1879-12-01
1880,1,-0.326854,1880-01-01
1880,2,-0.274448,1880-02-01
1880,3,-0.220849,1880-03-01
1880,4,-0.217335,1880-04-01
1880,5,-0.322479,1880-05-01
1880,6,-0.44365,1880-06-01
1880,7,-0.439557,1880-07-01
1880,8,-0.364526,1880-08-01
1880,9,-0.330766,1880-09-01
1880,10,-0.40694,1880-10-01
1880,11,-0.377743,1880-11-01
1880,12,-0.305655,1880-12-01
1881,1,-0.298573,1881-01-01
1881,2,-0.267115,1881-02-01
1881,3,-0.180828,1881-03-01
1881,4,-0.183202,1881-04-01
1881,5,-0.183959,1881-05-01
1881,6,-0.24085,1881-06-01
1881,7,-0.238255,1881-07-01
1881,8,-0.282532,1881-08-01
1881,9,-0.34243,1881-09-01
1881,10,-0.375594,1881-10-01
1881,11,-0.350415,1881-11-01
1881,12,-0.270586,1881-12-01
1882,1,-0.159098,1882-01-01
1882,2,-0.175896,1882-02-01
1882,3,-0.220871,1882-03-01
1882,4,-0.263738,1882-04-01
1882,5,-0.301784,1882-05-01
1882,6,-0.359993,1882-06-01
1882,7,-0.354545,1882-07-01
1882,8,-0.337067,1882-08-01
1882,9,-0.355983,1882-09-01
1882,10,-0.334848,1882-10-01
1882,11,-0.268674,1882-11-01
1882,12,-0.226022,1882-12-01
1883,1,-0.271184,1883-01-01
1883,2,-0.342844,1883-02-01
1883,3,-0.350358,1883-03-01
1883,4,-0.325314,1883-04-01
1883,5,-0.374141,1883-05-01
1883,6,-0.3465,1883-06-01
1883,7,-0.339394,1883-07-01
1883,8,-0.369705,1883-08-01
1883,9,-0.413869,1883-09-01
1883,10,-0.344243,1883-10-01
1883,11,-0.321868,1883-11-01
1883,12,-0.349857,1883-12-01
1884,1,-0.30317,1884-01-01
1884,2,-0.245017,1884-02-01
1884,3,-0.402079,1884-03-01
1884,4,-0.436219,1884-04-01
1884,5,-0.409925,1884-05-01
1884,6,-0.486336,1884-06-01
1884,7,-0.530983,1884-07-01
1884,8,-0.494562,1884-08-01
1884,9,-0.438873,1884-09-01
1884,10,-0.449085,1884-10-01
1884,11,-0.47847,1884-11-01
1884,12,-0.457799,1884-12-01
1885,1,-0.492493,1885-01-01
1885,2,-0.433676,1885-02-01
1885,3,-0.482648,1885-03-01
1885,4,-0.517096,1885-04-01
1885,5,-0.52004,1885-05-01
1885,6,-0.56669,1885-06-01
1885,7,-0.560702,1885-07-01
1885,8,-0.489486,1885-08-01
1885,9,-0.489896,1885-09-01
1885,10,-0.412601,1885-10-01
1885,11,-0.384218,1885-11-01
1885,12,-0.358142,1885-12-01
1886,1,-0.40224,1886-01-01
1886,2,-0.457522,1886-02-01
1886,3,-0.451997,1886-03-01
1886,4,-0.446582,1886-04-01
1886,5,-0.4194,1886-05-01
1886,6,-0.488528,1886-06-01
1886,7,-0.516426,1886-07-01
1886,8,-0.546191,1886-08-01
1886,9,-0.521858,1886-09-01
1886,10,-0.449588,1886-10-01
1886,11,-0.451203,1886-11-01
1886,12,-0.544298,1886-12-01
1887,1,-0.649396,1887-01-01
1887,2,-0.589794,1887-02-01
1887,3,-0.504979,1887-03-01
1887,4,-0.501959,1887-04-01
1887,5,-0.546739,1887-05-01
1887,6,-0.46906,1887-06-01
1887,7,-0.542124,1887-07-01
1887,8,-0.528037,1887-08-01
1887,9,-0.490765,1887-09-01
1887,10,-0.49526,1887-10-01
1887,11,-0.427446,1887-11-01
1887,12,-0.398862,1887-12-01
1888,1,-0.398935,1888-01-01
1888,2,-0.381203,1888-02-01
1888,3,-0.432316,1888-03-01
1888,4,-0.388473,1888-04-01
1888,5,-0.322131,1888-05-01
1888,6,-0.326936,1888-06-01
1888,7,-0.369552,1888-07-01
1888,8,-0.375251,1888-08-01
1888,9,-0.323579,1888-09-01
1888,10,-0.191562,1888-10-01
1888,11,-0.204484,1888-11-01
1888,12,-0.115907,1888-12-01
1889,1,-0.102807,1889-01-01
1889,2,-0.150418,1889-02-01
1889,3,-0.169528,1889-03-01
1889,4,-0.249611,1889-04-01
1889,5,-0.259101,1889-05-01
1889,6,-0.342794,1889-06-01
1889,7,-0.361974,1889-07-01
1889,8,-0.404652,1889-08-01
1889,9,-0.440598,1889-09-01
1889,10,-0.418908,1889-10-01
1889,11,-0.404825,1889-11-01
1889,12,-0.427043,1889-12-01
1890,1,-0.503407,1890-01-01
1890,2,-0.554471,1890-02-01
1890,3,-0.542763,1890-03-01
1890,4,-0.548988,1890-04-01
1890,5,-0.532699,1890-05-01
1890,6,-0.473037,1890-06-01
1890,7,-0.567498,1890-07-01
1890,8,-0.626867,1890-08-01
1890,9,-0.67158,1890-09-01
1890,10,-0.597814,1890-10-01
1890,11,-0.558302,1890-11-01
1890,12,-0.467738,1890-12-01
1891,1,-0.468948,1891-01-01
1891,2,-0.467081,1891-02-01
1891,3,-0.417736,1891-03-01
1891,4,-0.382447,1891-04-01
1891,5,-0.361127,1891-05-01
1891,6,-0.377972,1891-06-01
1891,7,-0.394577,1891-07-01
1891,8,-0.387217,1891-08-01
1891,9,-0.381915,1891-09-01
1891,10,-0.385508,1891-10-01
1891,11,-0.419049,1891-11-01
1891,12,-0.346367,1891-12-01
1892,1,-0.355436,1892-01-01
1892,2,-0.32598,1892-02-01
1892,3,-0.424398,1892-03-01
1892,4,-0.412726,1892-04-01
1892,5,-0.400934,1892-05-01
1892,6,-0.498441,1892-06-01
1892,7,-0.577854,1892-07-01
1892,8,-0.507282,1892-08-01
1892,9,-0.423066,1892-09-01
1892,10,-0.473843,1892-10-01
1892,11,-0.443116,1892-11-01
1892,12,-0.507457,1892-12-01
1893,1,-0.503118,1893-01-01
1893,2,-0.487673,1893-02-01
1893,3,-0.513356,1893-03-01
1893,4,-0.502809,1893-04-01
1893,5,-0.502839,1893-05-01
1893,6,-0.469497,1893-06-01
1893,7,-0.510664,1893-07-01
1893,8,-0.490505,1893-08-01
1893,9,-0.50088,1893-09-01
1893,10,-0.497691,1893-10-01
1893,11,-0.491868,1893-11-01
1893,12,-0.533897,1893-12-01
1894,1,-0.557755,1894-01-01
1894,2,-0.571843,1894-02-01
1894,3,-0.573454,1894-03-01
1894,4,-0.59641,1894-04-01
1894,5,-0.560904,1894-05-01
1894,6,-0.604543,1894-06-01
1894,7,-0.525417,1894-07-01
1894,8,-0.510863,1894-08-01
1894,9,-0.49479,1894-09-01
1894,10,-0.474012,1894-10-01
1894,11,-0.402472,1894-11-01
1894,12,-0.39963,1894-12-01
1895,1,-0.374845,1895-01-01
1895,2,-0.377436,1895-02-01
1895,3,-0.498585,1895-03-01
1895,4,-0.480738,1895-04-01
1895,5,-0.481873,1895-05-01
1895,6,-0.455973,1895-06-01
1895,7,-0.423373,1895-07-01
1895,8,-0.399313,1895-08-01
1895,9,-0.389073,1895-09-01
1895,10,-0.320481,1895-10-01
1895,11,-0.369401,1895-11-01
1895,12,-0.343118,1895-12-01
1896,1,-0.379279,1896-01-01
1896,2,-0.329467,1896-02-01
1896,3,-0.273479,1896-03-01
1896,4,-0.27357,1896-04-01
1896,5,-0.323827,1896-05-01
1896,6,-0.361328,1896-06-01
1896,7,-0.295861,1896-07-01
1896,8,-0.269674,1896-08-01
1896,9,-0.299067,1896-09-01
1896,10,-0.222775,1896-10-01
1896,11,-0.166547,1896-11-01
1896,12,-0.162039,1896-12-01
1897,1,-0.220189,1897-01-01
1897,2,-0.225547,1897-02-01
1897,3,-0.177797,1897-03-01
1897,4,-0.224709,1897-04-01
1897,5,-0.335873,1897-05-01
1897,6,-0.394942,1897-06-01
1897,7,-0.342433,1897-07-01
1897,8,-0.337112,1897-08-01
1897,9,-0.364597,1897-09-01
1897,10,-0.403046,1897-10-01
1897,11,-0.450803,1897-11-01
1897,12,-0.395729,1897-12-01
1898,1,-0.382484,1898-01-01
1898,2,-0.401132,1898-02-01
1898,3,-0.480376,1898-03-01
1898,4,-0.515922,1898-04-01
1898,5,-0.479022,1898-05-01
1898,6,-0.478497,1898-06-01
1898,7,-0.484805,1898-07-01
1898,8,-0.531135,1898-08-01
1898,9,-0.511508,1898-09-01
1898,10,-0.537922,1898-10-01
1898,11,-0.519697,1898-11-01
1898,12,-0.493723,1898-12-01
1899,1,-0.459896,1899-01-01
1899,2,-0.472233,1899-02-01
1899,3,-0.482121,1899-03-01
1899,4,-0.484965,1899-04-01
1899,5,-0.458282,1899-05-01
1899,6,-0.470866,1899-06-01
1899,7,-0.422382,1899-07-01
1899,8,-0.328645,1899-08-01
1899,9,-0.342544,1899-09-01
1899,10,-0.376505,1899-10-01
1899,11,-0.336185,1899-11-01
1899,12,-0.344875,1899-12-01
1900,1,-0.354802,1900-01-01
1900,2,-0.277454,1900-02-01
1900,3,-0.305305,1900-03-01
1900,4,-0.327643,1900-04-01
1900,5,-0.375018,1900-05-01
1900,6,-0.367587,1900-06-01
1900,7,-0.382227,1900-07-01
1900,8,-0.381555,1900-08-01
1900,9,-0.31066,1900-09-01
1900,10,-0.261061,1900-10-01
1900,11,-0.304566,1900-11-01
1900,12,-0.333298,1900-12-01
1901,1,-0.326779,1901-01-01
1901,2,-0.339857,1901-02-01
1901,3,-0.339591,1901-03-01
1901,4,-0.346584,1901-04-01
1901,5,-0.409968,1901-05-01
1901,6,-0.42898,1901-06-01
1901,7,-0.478996,1901-07-01
1901,8,-0.477059,1901-08-01
1901,9,-0.515406,1901-09-01
1901,10,-0.551897,1901-10-01
1901,11,-0.465109,1901-11-01
1901,12,-0.491312,1901-12-01
1902,1,-0.475628,1902-01-01
1902,2,-0.48021,1902-02-01
1902,3,-0.473161,1902-03-01
1902,4,-0.466744,1902-04-01
1902,5,-0.527477,1902-05-01
1902,6,-0.578611,1902-06-01
1902,7,-0.563342,1902-07-01
1902,8,-0.551716,1902-08-01
1902,9,-0.532649,1902-09-01
1902,10,-0.471074,1902-10-01
1902,11,-0.439842,1902-11-01
1902,12,-0.457854,1902-12-01
1903,1,-0.468833,1903-01-01
1903,2,-0.516678,1903-02-01
1903,3,-0.562644,1903-03-01
1903,4,-0.615607,1903-04-01
1903,5,-0.654825,1903-05-01
1903,6,-0.629665,1903-06-01
1903,7,-0.675298,1903-07-01
1903,8,-0.74165,1903-08-01
1903,9,-0.766509,1903-09-01
1903,10,-0.722616,1903-10-01
1903,11,-0.717265,1903-11-01
1903,12,-0.703229,1903-12-01
1904,1,-0.748357,1904-01-01
1904,2,-0.75802,1904-02-01
1904,3,-0.798322,1904-03-01
1904,4,-0.760875,1904-04-01
1904,5,-0.808646,1904-05-01
1904,6,-0.766908,1904-06-01
1904,7,-0.789642,1904-07-01
1904,8,-0.784091,1904-08-01
1904,9,-0.772769,1904-09-01
1904,10,-0.655276,1904-10-01
1904,11,-0.625143,1904-11-01
1904,12,-0.660309,1904-12-01
1905,1,-0.636894,1905-01-01
1905,2,-0.592398,1905-02-01
1905,3,-0.485464,1905-03-01
1905,4,-0.559636,1905-04-01
1905,5,-0.571073,1905-05-01
1905,6,-0.519913,1905-06-01
1905,7,-0.523388,1905-07-01
1905,8,-0.506029,1905-08-01
1905,9,-0.511284,1905-09-01
1905,10,-0.509039,1905-10-01
1905,11,-0.482977,1905-11-01
1905,12,-0.421092,1905-12-01
1906,1,-0.409329,1906-01-01
1906,2,-0.395825,1906-02-01
1906,3,-0.424048,1906-03-01
1906,4,-0.450259,1906-04-01
1906,5,-0.599499,1906-05-01
1906,6,-0.508353,1906-06-01
1906,7,-0.517062,1906-07-01
1906,8,-0.541766,1906-08-01
1906,9,-0.57054,1906-09-01
1906,10,-0.545243,1906-10-01
1906,11,-0.537218,1906-11-01
1906,12,-0.5571,1906-12-01
1907,1,-0.554621,1907-01-01
1907,2,-0.605317,1907-02-01
1907,3,-0.494625,1907-03-01
1907,4,-0.516556,1907-04-01
1907,5,-0.590975,1907-05-01
1907,6,-0.56785,1907-06-01
1907,7,-0.586542,1907-07-01
1907,8,-0.579668,1907-08-01
1907,9,-0.635021,1907-09-01
1907,10,-0.568326,1907-10-01
1907,11,-0.625108,1907-11-01
1907,12,-0.633904,1907-12-01
1908,1,-0.653859,1908-01-01
1908,2,-0.628404,1908-02-01
1908,3,-0.667089,1908-03-01
1908,4,-0.686449,1908-04-01
1908,5,-0.725083,1908-05-01
1908,6,-0.738247,1908-06-01
1908,7,-0.738553,1908-07-01
1908,8,-0.734312,1908-08-01
1908,9,-0.76501,1908-09-01
1908,10,-0.750845,1908-10-01
1908,11,-0.716952,1908-11-01
1908,12,-0.732379,1908-12-01
1909,1,-0.733777,1909-01-01
1909,2,-0.733061,1909-02-01
1909,3,-0.705405,1909-03-01
1909,4,-0.748913,1909-04-01
1909,5,-0.740719,1909-05-01
1909,6,-0.783889,1909-06-01
1909,7,-0.790473,1909-07-01
1909,8,-0.721419,1909-08-01
1909,9,-0.725403,1909-09-01
1909,10,-0.726161,1909-10-01
1909,11,-0.78513,1909-11-01
1909,12,-0.76638,1909-12-01
1910,1,-0.723475,1910-01-01
1910,2,-0.747646,1910-02-01
1910,3,-0.787521,1910-03-01
1910,4,-0.719962,1910-04-01
1910,5,-0.647934,1910-05-01
1910,6,-0.671789,1910-06-01
1910,7,-0.726486,1910-07-01
1910,8,-0.718471,1910-08-01
1910,9,-0.707435,1910-09-01
1910,10,-0.727262,1910-10-01
1910,11,-0.738385,1910-11-01
1910,12,-0.778372,1910-12-01
1911,1,-0.74516,1911-01-01
1911,2,-0.786555,1911-02-01
1911,3,-0.771304,1911-03-01
1911,4,-0.798413,1911-04-01
1911,5,-0.825579,1911-05-01
1911,6,-0.789308,1911-06-01
1911,7,-0.792753,1911-07-01
1911,8,-0.736111,1911-08-01
1911,9,-0.678363,1911-09-01
1911,10,-0.594214,1911-10-01
1911,11,-0.515452,1911-11-01
1911,12,-0.456736,1911-12-01
1912,1,-0.503721,1912-01-01
1912,2,-0.435632,1912-02-01
1912,3,-0.418763,1912-03-01
1912,4,-0.440677,1912-04-01
1912,5,-0.515309,1912-05-01
1912,6,-0.543913,1912-06-01
1912,7,-0.585779,1912-07-01
1912,8,-0.648264,1912-08-01
1912,9,-0.712675,1912-09-01
1912,10,-0.656442,1912-10-01
1912,11,-0.649438,1912-11-01
1912,12,-0.646739,1912-12-01
1913,1,-0.573384,1913-01-01
1913,2,-0.576701,1913-02-01
1913,3,-0.640607,1913-03-01
1913,4,-0.65146,1913-04-01
1913,5,-0.652192,1913-05-01
1913,6,-0.66791,1913-06-01
1913,7,-0.674799,1913-07-01
1913,8,-0.64373,1913-08-01
1913,9,-0.64889,1913-09-01
1913,10,-0.575791,1913-10-01
1913,11,-0.545418,1913-11-01
1913,12,-0.508871,1913-12-01
1914,1,-0.444639,1914-01-01
1914,2,-0.451564,1914-02-01
1914,3,-0.476728,1914-03-01
1914,4,-0.533501,1914-04-01
1914,5,-0.532216,1914-05-01
1914,6,-0.587739,1914-06-01
1914,7,-0.525273,1914-07-01
1914,8,-0.461419,1914-08-01
1914,9,-0.434619,1914-09-01
1914,10,-0.389465,1914-10-01
1914,11,-0.367743,1914-11-01
1914,12,-0.329382,1914-12-01
1915,1,-0.371395,1915-01-01
1915,2,-0.322956,1915-02-01
1915,3,-0.281553,1915-03-01
1915,4,-0.293531,1915-04-01
1915,5,-0.358801,1915-05-01
1915,6,-0.441352,1915-06-01
1915,7,-0.416509,1915-07-01
1915,8,-0.434348,1915-08-01
1915,9,-0.431975,1915-09-01
1915,10,-0.441218,1915-10-01
1915,11,-0.464863,1915-11-01
1915,12,-0.448765,1915-12-01
1916,1,-0.414674,1916-01-01
1916,2,-0.395827,1916-02-01
1916,3,-0.461717,1916-03-01
1916,4,-0.522029,1916-04-01
1916,5,-0.564017,1916-05-01
1916,6,-0.636753,1916-06-01
1916,7,-0.643244,1916-07-01
1916,8,-0.551157,1916-08-01
1916,9,-0.607149,1916-09-01
1916,10,-0.620391,1916-10-01
1916,11,-0.701205,1916-11-01
1916,12,-0.746457,1916-12-01
1917,1,-0.849744,1917-01-01
1917,2,-0.786473,1917-02-01
1917,3,-0.767081,1917-03-01
1917,4,-0.732339,1917-04-01
1917,5,-0.653006,1917-05-01
1917,6,-0.638992,1917-06-01
1917,7,-0.557955,1917-07-01
1917,8,-0.4434,1917-08-01
1917,9,-0.468072,1917-09-01
1917,10,-0.552057,1917-10-01
1917,11,-0.618649,1917-11-01
1917,12,-0.551589,1917-12-01
1918,1,-0.526648,1918-01-01
1918,2,-0.517892,1918-02-01
1918,3,-0.533343,1918-03-01
1918,4,-0.565197,1918-04-01
1918,5,-0.564988,1918-05-01
1918,6,-0.564506,1918-06-01
1918,7,-0.556305,1918-07-01
1918,8,-0.514966,1918-08-01
1918,9,-0.463454,1918-09-01
1918,10,-0.405956,1918-10-01
1918,11,-0.298213,1918-11-01
1918,12,-0.325685,1918-12-01
1919,1,-0.331431,1919-01-01
1919,2,-0.351198,1919-02-01
1919,3,-0.347135,1919-03-01
1919,4,-0.385774,1919-04-01
1919,5,-0.49481,1919-05-01
1919,6,-0.634214,1919-06-01
1919,7,-0.63122,1919-07-01
1919,8,-0.702167,1919-08-01
1919,9,-0.58953,1919-09-01
1919,10,-0.54285,1919-10-01
1919,11,-0.568446,1919-11-01
1919,12,-0.610765,1919-12-01
1920,1,-0.627669,1920-01-01
1920,2,-0.497444,1920-02-01
1920,3,-0.487101,1920-03-01
1920,4,-0.524229,1920-04-01
1920,5,-0.549513,1920-05-01
1920,6,-0.591885,1920-06-01
1920,7,-0.607432,1920-07-01
1920,8,-0.540281,1920-08-01
1920,9,-0.451261,1920-09-01
1920,10,-0.455518,1920-10-01
1920,11,-0.445526,1920-11-01
1920,12,-0.478437,1920-12-01
1921,1,-0.498619,1921-01-01
1921,2,-0.527021,1921-02-01
1921,3,-0.551101,1921-03-01
1921,4,-0.613377,1921-04-01
1921,5,-0.599946,1921-05-01
1921,6,-0.617097,1921-06-01
1921,7,-0.509524,1921-07-01
1921,8,-0.447474,1921-08-01
1921,9,-0.425316,1921-09-01
1921,10,-0.301442,1921-10-01
1921,11,-0.407009,1921-11-01
1921,12,-0.452879,1921-12-01
1922,1,-0.499441,1922-01-01
1922,2,-0.48462,1922-02-01
1922,3,-0.413777,1922-03-01
1922,4,-0.53331,1922-04-01
1922,5,-0.607973,1922-05-01
1922,6,-0.649253,1922-06-01
1922,7,-0.620017,1922-07-01
1922,8,-0.596784,1922-08-01
1922,9,-0.612841,1922-09-01
1922,10,-0.569589,1922-10-01
1922,11,-0.488051,1922-11-01
1922,12,-0.526621,1922-12-01
1923,1,-0.584946,1923-01-01
1923,2,-0.620352,1923-02-01
1923,3,-0.590896,1923-03-01
1923,4,-0.542919,1923-04-01
1923,5,-0.515866,1923-05-01
1923,6,-0.569199,1923-06-01
1923,7,-0.56864,1923-07-01
1923,8,-0.629332,1923-08-01
1923,9,-0.603219,1923-09-01
1923,10,-0.529376,1923-10-01
1923,11,-0.427058,1923-11-01
1923,12,-0.359591,1923-12-01
1924,1,-0.409008,1924-01-01
1924,2,-0.444896,1924-02-01
1924,3,-0.408152,1924-03-01
1924,4,-0.425866,1924-04-01
1924,5,-0.435249,1924-05-01
1924,6,-0.516772,1924-06-01
1924,7,-0.601999,1924-07-01
1924,8,-0.652722,1924-08-01
1924,9,-0.650416,1924-09-01
1924,10,-0.662579,1924-10-01
1924,11,-0.698445,1924-11-01
1924,12,-0.713472,1924-12-01
1925,1,-0.678502,1925-01-01
1925,2,-0.65311,1925-02-01
1925,3,-0.580812,1925-03-01
1925,4,-0.610129,1925-04-01
1925,5,-0.537521,1925-05-01
1925,6,-0.544783,1925-06-01
1925,7,-0.496935,1925-07-01
1925,8,-0.476058,1925-08-01
1925,9,-0.491077,1925-09-01
1925,10,-0.408124,1925-10-01
1925,11,-0.352939,1925-11-01
1925,12,-0.373806,1925-12-01
1926,1,-0.335313,1926-01-01
1926,2,-0.379883,1926-02-01
1926,3,-0.403172,1926-03-01
1926,4,-0.349192,1926-04-01
1926,5,-0.386515,1926-05-01
1926,6,-0.44399,1926-06-01
1926,7,-0.498512,1926-07-01
1926,8,-0.453931,1926-08-01
1926,9,-0.45254,1926-09-01
1926,10,-0.430403,1926-10-01
1926,11,-0.447445,1926-11-01
1926,12,-0.447447,1926-12-01
1927,1,-0.482816,1927-01-01
1927,2,-0.478902,1927-02-01
1927,3,-0.496752,1927-03-01
1927,4,-0.508325,1927-04-01
1927,5,-0.527339,1927-05-01
1927,6,-0.545585,1927-06-01
1927,7,-0.498989,1927-07-01
1927,8,-0.441672,1927-08-01
1927,9,-0.479851,1927-09-01
1927,10,-0.445289,1927-10-01
1927,11,-0.399956,1927-11-01
1927,12,-0.448187,1927-12-01
1928,1,-0.444546,1928-01-01
1928,2,-0.492345,1928-02-01
1928,3,-0.503276,1928-03-01
1928,4,-0.516395,1928-04-01
1928,5,-0.534473,1928-05-01
1928,6,-0.56785,1928-06-01
1928,7,-0.497631,1928-07-01
1928,8,-0.517803,1928-08-01
1928,9,-0.516972,1928-09-01
1928,10,-0.526438,1928-10-01
1928,11,-0.534357,1928-11-01
1928,12,-0.571348,1928-12-01
1929,1,-0.606986,1929-01-01
1929,2,-0.627684,1929-02-01
1929,3,-0.615494,1929-03-01
1929,4,-0.621375,1929-04-01
1929,5,-0.616265,1929-05-01
1929,6,-0.608923,1929-06-01
1929,7,-0.581265,1929-07-01
1929,8,-0.562945,1929-08-01
1929,9,-0.525919,1929-09-01
1929,10,-0.512628,1929-10-01
1929,11,-0.481882,1929-11-01
1929,12,-0.564189,1929-12-01
1930,1,-0.602633,1930-01-01
1930,2,-0.552138,1930-02-01
1930,3,-0.516395,1930-03-01
1930,4,-0.488146,1930-04-01
1930,5,-0.481789,1930-05-01
1930,6,-0.490885,1930-06-01
1930,7,-0.508349,1930-07-01
1930,8,-0.465284,1930-08-01
1930,9,-0.373859,1930-09-01
1930,10,-0.295557,1930-10-01
1930,11,-0.258662,1930-11-01
1930,12,-0.340632,1930-12-01
1931,1,-0.352396,1931-01-01
1931,2,-0.386227,1931-02-01
1931,3,-0.337017,1931-03-01
1931,4,-0.413058,1931-04-01
1931,5,-0.397854,1931-05-01
1931,6,-0.386755,1931-06-01
1931,7,-0.412342,1931-07-01
1931,8,-0.391644,1931-08-01
1931,9,-0.411497,1931-09-01
1931,10,-0.434643,1931-10-01
1931,11,-0.490797,1931-11-01
1931,12,-0.489142,1931-12-01
1932,1,-0.428543,1932-01-01
1932,2,-0.410842,1932-02-01
1932,3,-0.415489,1932-03-01
1932,4,-0.477641,1932-04-01
1932,5,-0.470963,1932-05-01
1932,6,-0.525115,1932-06-01
1932,7,-0.57176,1932-07-01
1932,8,-0.536529,1932-08-01
1932,9,-0.527942,1932-09-01
1932,10,-0.515829,1932-10-01
1932,11,-0.506364,1932-11-01
1932,12,-0.524511,1932-12-01
1933,1,-0.485686,1933-01-01
1933,2,-0.48897,1933-02-01
1933,3,-0.505694,1933-03-01
1933,4,-0.489073,1933-04-01
1933,5,-0.534435,1933-05-01
1933,6,-0.579419,1933-06-01
1933,7,-0.54508,1933-07-01
1933,8,-0.552997,1933-08-01
1933,9,-0.57272,1933-09-01
1933,10,-0.536788,1933-10-01
1933,11,-0.573309,1933-11-01
1933,12,-0.58475,1933-12-01
1934,1,-0.573419,1934-01-01
1934,2,-0.60784,1934-02-01
1934,3,-0.573458,1934-03-01
1934,4,-0.513454,1934-04-01
1934,5,-0.504682,1934-05-01
1934,6,-0.438117,1934-06-01
1934,7,-0.434459,1934-07-01
1934,8,-0.412843,1934-08-01
1934,9,-0.375351,1934-09-01
1934,10,-0.428937,1934-10-01
1934,11,-0.408189,1934-11-01
1934,12,-0.448328,1934-12-01
1935,1,-0.494612,1935-01-01
1935,2,-0.4852,1935-02-01
1935,3,-0.538973,1935-03-01
1935,4,-0.493749,1935-04-01
1935,5,-0.498281,1935-05-01
1935,6,-0.547318,1935-06-01
1935,7,-0.534334,1935-07-01
1935,8,-0.501259,1935-08-01
1935,9,-0.495852,1935-09-01
1935,10,-0.399862,1935-10-01
1935,11,-0.390513,1935-11-01
1935,12,-0.397492,1935-12-01
1936,1,-0.450456,1936-01-01
1936,2,-0.422541,1936-02-01
1936,3,-0.445836,1936-03-01
1936,4,-0.457293,1936-04-01
1936,5,-0.478886,1936-05-01
1936,6,-0.518706,1936-06-01
1936,7,-0.515434,1936-07-01
1936,8,-0.450048,1936-08-01
1936,9,-0.40835,1936-09-01
1936,10,-0.38426,1936-10-01
1936,11,-0.397707,1936-11-01
1936,12,-0.408395,1936-12-01
1937,1,-0.426406,1937-01-01
1937,2,-0.372724,1937-02-01
1937,3,-0.366534,1937-03-01
1937,4,-0.380543,1937-04-01
1937,5,-0.403451,1937-05-01
1937,6,-0.382632,1937-06-01
1937,7,-0.34278,1937-07-01
1937,8,-0.287134,1937-08-01
1937,9,-0.270584,1937-09-01
1937,10,-0.311142,1937-10-01
1937,11,-0.302818,1937-11-01
1937,12,-0.335497,1937-12-01
1938,1,-0.368797,1938-01-01
1938,2,-0.384203,1938-02-01
1938,3,-0.385441,1938-03-01
1938,4,-0.441786,1938-04-01
1938,5,-0.45246,1938-05-01
1938,6,-0.462888,1938-06-01
1938,7,-0.442703,1938-07-01
1938,8,-0.402194,1938-08-01
1938,9,-0.418869,1938-09-01
1938,10,-0.356835,1938-10-01
1938,11,-0.451918,1938-11-01
1938,12,-0.473833,1938-12-01
1939,1,-0.488417,1939-01-01
1939,2,-0.410721,1939-02-01
1939,3,-0.397848,1939-03-01
1939,4,-0.379832,1939-04-01
1939,5,-0.404575,1939-05-01
1939,6,-0.371819,1939-06-01
1939,7,-0.371685,1939-07-01
1939,8,-0.334314,1939-08-01
1939,9,-0.331751,1939-09-01
1939,10,-0.285788,1939-10-01
1939,11,-0.251209,1939-11-01
1939,12,-0.17809,1939-12-01
1940,1,-0.153032,1940-01-01
1940,2,-0.224866,1940-02-01
1940,3,-0.143923,1940-03-01
1940,4,-0.169249,1940-04-01
1940,5,-0.150373,1940-05-01
1940,6,-0.198094,1940-06-01
1940,7,-0.197978,1940-07-01
1940,8,-0.185964,1940-08-01
1940,9,-0.196446,1940-09-01
1940,10,-0.18115,1940-10-01
1940,11,-0.091166,1940-11-01
1940,12,-0.028863,1940-12-01
1941,1,0.015021,1941-01-01
1941,2,-0.001935,1941-02-01
1941,3,-0.069489,1941-03-01
1941,4,-0.034472,1941-04-01
1941,5,-0.092588,1941-05-01
1941,6,-0.152959,1941-06-01
1941,7,-0.113278,1941-07-01
1941,8,-0.108187,1941-08-01
1941,9,-0.117072,1941-09-01
1941,10,0.06754,1941-10-01
1941,11,0.136511,1941-11-01
1941,12,0.05669,1941-12-01
1942,1,-0.124682,1942-01-01
1942,2,-0.125549,1942-02-01
1942,3,-0.122753,1942-03-01
1942,4,-0.103618,1942-04-01
1942,5,-0.12633,1942-05-01
1942,6,-0.207242,1942-06-01
1942,7,-0.237685,1942-07-01
1942,8,-0.286781,1942-08-01
1942,9,-0.341436,1942-09-01
1942,10,-0.353252,1942-10-01
1942,11,-0.273789,1942-11-01
1942,12,-0.270779,1942-12-01
1943,1,-0.182511,1943-01-01
1943,2,-0.264402,1943-02-01
1943,3,-0.319815,1943-03-01
1943,4,-0.297806,1943-04-01
1943,5,-0.291556,1943-05-01
1943,6,-0.281607,1943-06-01
1943,7,-0.22295,1943-07-01
1943,8,-0.237149,1943-08-01
1943,9,-0.231287,1943-09-01
1943,10,-0.21911,1943-10-01
1943,11,-0.149709,1943-11-01
1943,12,-0.195858,1943-12-01
1944,1,-0.180083,1944-01-01
1944,2,-0.127086,1944-02-01
1944,3,-0.02791,1944-03-01
1944,4,-0.019118,1944-04-01
1944,5,-0.021128,1944-05-01
1944,6,-0.019676,1944-06-01
1944,7,-0.042282,1944-07-01
1944,8,-0.05791,1944-08-01
1944,9,-0.035561,1944-09-01
1944,10,-0.111522,1944-10-01
1944,11,-0.152872,1944-11-01
1944,12,-0.134094,1944-12-01
1945,1,-0.086671,1945-01-01
1945,2,-0.075014,1945-02-01
1945,3,-0.141418,1945-03-01
1945,4,-0.082882,1945-04-01
1945,5,-0.079726,1945-05-01
1945,6,-0.138098,1945-06-01
1945,7,-0.125507,1945-07-01
1945,8,-0.037991,1945-08-01
1945,9,-0.024564,1945-09-01
1945,10,-0.144946,1945-10-01
1945,11,-0.11864,1945-11-01
1945,12,-0.118956,1945-12-01
1946,1,-0.184901,1946-01-01
1946,2,-0.288363,1946-02-01
1946,3,-0.271652,1946-03-01
1946,4,-0.322797,1946-04-01
1946,5,-0.367306,1946-05-01
1946,6,-0.44884,1946-06-01
1946,7,-0.450109,1946-07-01
1946,8,-0.46152,1946-08-01
1946,9,-0.353603,1946-09-01
1946,10,-0.310004,1946-10-01
1946,11,-0.392932,1946-11-01
1946,12,-0.442392,1946-12-01
1947,1,-0.377505,1947-01-01
1947,2,-0.397131,1947-02-01
1947,3,-0.378455,1947-03-01
1947,4,-0.309463,1947-04-01
1947,5,-0.318361,1947-05-01
1947,6,-0.242043,1947-06-01
1947,7,-0.324146,1947-07-01
1947,8,-0.377667,1947-08-01
1947,9,-0.484015,1947-09-01
1947,10,-0.48921,1947-10-01
1947,11,-0.429963,1947-11-01
1947,12,-0.434427,1947-12-01
1948,1,-0.454861,1948-01-01
1948,2,-0.436395,1948-02-01
1948,3,-0.460671,1948-03-01
1948,4,-0.41124,1948-04-01
1948,5,-0.337224,1948-05-01
1948,6,-0.377287,1948-06-01
1948,7,-0.399579,1948-07-01
1948,8,-0.381097,1948-08-01
1948,9,-0.478794,1948-09-01
1948,10,-0.450652,1948-10-01
1948,11,-0.463242,1948-11-01
1948,12,-0.366982,1948-12-01
1949,1,-0.323356,1949-01-01
1949,2,-0.310797,1949-02-01
1949,3,-0.343562,1949-03-01
1949,4,-0.328574,1949-04-01
1949,5,-0.361406,1949-05-01
1949,6,-0.451167,1949-06-01
1949,7,-0.361985,1949-07-01
1949,8,-0.406464,1949-08-01
1949,9,-0.419479,1949-09-01
1949,10,-0.408727,1949-10-01
1949,11,-0.451545,1949-11-01
1949,12,-0.439344,1949-12-01
1950,1,-0.420207,1950-01-01
1950,2,-0.432406,1950-02-01
1950,3,-0.40167,1950-03-01
1950,4,-0.411559,1950-04-01
1950,5,-0.352242,1950-05-01
1950,6,-0.296689,1950-06-01
1950,7,-0.331648,1950-07-01
1950,8,-0.322336,1950-08-01
1950,9,-0.38353,1950-09-01
1950,10,-0.477362,1950-10-01
1950,11,-0.493428,1950-11-01
1950,12,-0.493536,1950-12-01
1951,1,-0.453611,1951-01-01
1951,2,-0.449951,1951-02-01
1951,3,-0.441018,1951-03-01
1951,4,-0.440219,1951-04-01
1951,5,-0.346888,1951-05-01
1951,6,-0.248326,1951-06-01
1951,7,-0.193054,1951-07-01
1951,8,-0.214841,1951-08-01
1951,9,-0.242637,1951-09-01
1951,10,-0.253305,1951-10-01
1951,11,-0.272627,1951-11-01
1951,12,-0.237092,1951-12-01
1952,1,-0.218274,1952-01-01
1952,2,-0.195302,1952-02-01
1952,3,-0.200115,1952-03-01
1952,4,-0.23286,1952-04-01
1952,5,-0.289537,1952-05-01
1952,6,-0.281706,1952-06-01
1952,7,-0.287027,1952-07-01
1952,8,-0.242008,1952-08-01
1952,9,-0.244527,1952-09-01
1952,10,-0.206068,1952-10-01
1952,11,-0.255607,1952-11-01
1952,12,-0.281411,1952-12-01
1953,1,-0.282397,1953-01-01
1953,2,-0.25922,1953-02-01
1953,3,-0.245006,1953-03-01
1953,4,-0.211498,1953-04-01
1953,5,-0.18547,1953-05-01
1953,6,-0.164686,1953-06-01
1953,7,-0.254349,1953-07-01
1953,8,-0.276206,1953-08-01
1953,9,-0.290622,1953-09-01
1953,10,-0.266817,1953-10-01
1953,11,-0.318729,1953-11-01
1953,12,-0.352601,1953-12-01
1954,1,-0.370683,1954-01-01
1954,2,-0.355093,1954-02-01
1954,3,-0.370381,1954-03-01
1954,4,-0.421086,1954-04-01
1954,5,-0.436074,1954-05-01
1954,6,-0.434811,1954-06-01
1954,7,-0.455163,1954-07-01
1954,8,-0.461053,1954-08-01
1954,9,-0.416738,1954-09-01
1954,10,-0.4429,1954-10-01
1954,11,-0.446065,1954-11-01
1954,12,-0.509526,1954-12-01
1955,1,-0.415827,1955-01-01
1955,2,-0.426217,1955-02-01
1955,3,-0.422403,1955-03-01
1955,4,-0.47044,1955-04-01
1955,5,-0.457752,1955-05-01
1955,6,-0.462277,1955-06-01
1955,7,-0.39313,1955-07-01
1955,8,-0.413715,1955-08-01
1955,9,-0.406356,1955-09-01
1955,10,-0.500293,1955-10-01
1955,11,-0.438872,1955-11-01
1955,12,-0.449955,1955-12-01
1956,1,-0.363448,1956-01-01
1956,2,-0.430103,1956-02-01
1956,3,-0.40453,1956-03-01
1956,4,-0.463043,1956-04-01
1956,5,-0.460244,1956-05-01
1956,6,-0.436679,1956-06-01
1956,7,-0.400805,1956-07-01
1956,8,-0.399457,1956-08-01
1956,9,-0.439862,1956-09-01
1956,10,-0.380506,1956-10-01
1956,11,-0.364698,1956-11-01
1956,12,-0.337825,1956-12-01
1957,1,-0.307896,1957-01-01
1957,2,-0.289322,1957-02-01
1957,3,-0.270613,1957-03-01
1957,4,-0.219375,1957-04-01
1957,5,-0.116694,1957-05-01
1957,6,-0.155391,1957-06-01
1957,7,-0.137841,1957-07-01
1957,8,-0.156038,1957-08-01
1957,9,-0.2092,1957-09-01
1957,10,-0.257464,1957-10-01
1957,11,-0.232575,1957-11-01
1957,12,-0.211801,1957-12-01
1958,1,-0.158704,1958-01-01
1958,2,-0.15374,1958-02-01
1958,3,-0.158125,1958-03-01
1958,4,-0.167574,1958-04-01
1958,5,-0.240111,1958-05-01
1958,6,-0.182402,1958-06-01
1958,7,-0.202497,1958-07-01
1958,8,-0.189322,1958-08-01
1958,9,-0.198458,1958-09-01
1958,10,-0.224371,1958-10-01
1958,11,-0.258474,1958-11-01
1958,12,-0.218504,1958-12-01
1959,1,-0.209603,1959-01-01
1959,2,-0.220817,1959-02-01
1959,3,-0.233385,1959-03-01
1959,4,-0.262919,1959-04-01
1959,5,-0.21925,1959-05-01
1959,6,-0.266454,1959-06-01
1959,7,-0.253685,1959-07-01
1959,8,-0.25091,1959-08-01
1959,9,-0.236045,1959-09-01
1959,10,-0.248468,1959-10-01
1959,11,-0.302281,1959-11-01
1959,12,-0.312639,1959-12-01
1960,1,-0.26995,1960-01-01
1960,2,-0.263321,1960-02-01
1960,3,-0.262455,1960-03-01
1960,4,-0.296906,1960-04-01
1960,5,-0.235255,1960-05-01
1960,6,-0.324932,1960-06-01
1960,7,-0.257189,1960-07-01
1960,8,-0.23099,1960-08-01
1960,9,-0.213112,1960-09-01
1960,10,-0.24397,1960-10-01
1960,11,-0.271197,1960-11-01
1960,12,-0.243505,1960-12-01
1961,1,-0.233631,1961-01-01
1961,2,-0.167201,1961-02-01
1961,3,-0.180284,1961-03-01
1961,4,-0.188545,1961-04-01
1961,5,-0.196955,1961-05-01
1961,6,-0.223042,1961-06-01
1961,7,-0.259176,1961-07-01
1961,8,-0.250448,1961-08-01
1961,9,-0.264487,1961-09-01
1961,10,-0.272756,1961-10-01
1961,11,-0.284997,1961-11-01
1961,12,-0.281961,1961-12-01
1962,1,-0.27252,1962-01-01
1962,2,-0.271222,1962-02-01
1962,3,-0.247818,1962-03-01
1962,4,-0.284503,1962-04-01
1962,5,-0.236735,1962-05-01
1962,6,-0.227702,1962-06-01
1962,7,-0.184118,1962-07-01
1962,8,-0.231767,1962-08-01
1962,9,-0.194362,1962-09-01
1962,10,-0.23573,1962-10-01
1962,11,-0.285072,1962-11-01
1962,12,-0.30752,1962-12-01
1963,1,-0.311903,1963-01-01
1963,2,-0.27614,1963-02-01
1963,3,-0.280495,1963-03-01
1963,4,-0.237112,1963-04-01
1963,5,-0.209418,1963-05-01
1963,6,-0.22854,1963-06-01
1963,7,-0.226986,1963-07-01
1963,8,-0.155609,1963-08-01
1963,9,-0.194826,1963-09-01
1963,10,-0.245893,1963-10-01
1963,11,-0.205078,1963-11-01
1963,12,-0.239632,1963-12-01
1964,1,-0.276783,1964-01-01
1964,2,-0.313964,1964-02-01
1964,3,-0.349048,1964-03-01
1964,4,-0.392377,1964-04-01
1964,5,-0.381319,1964-05-01
1964,6,-0.335881,1964-06-01
1964,7,-0.340949,1964-07-01
1964,8,-0.412024,1964-08-01
1964,9,-0.421671,1964-09-01
1964,10,-0.452866,1964-10-01
1964,11,-0.499902,1964-11-01
1964,12,-0.532339,1964-12-01
1965,1,-0.423268,1965-01-01
1965,2,-0.398971,1965-02-01
1965,3,-0.400212,1965-03-01
1965,4,-0.390656,1965-04-01
1965,5,-0.386517,1965-05-01
1965,6,-0.337001,1965-06-01
1965,7,-0.341671,1965-07-01
1965,8,-0.294955,1965-08-01
1965,9,-0.274558,1965-09-01
1965,10,-0.309784,1965-10-01
1965,11,-0.312153,1965-11-01
1965,12,-0.312062,1965-12-01
1966,1,-0.281093,1966-01-01
1966,2,-0.290185,1966-02-01
1966,3,-0.277598,1966-03-01
1966,4,-0.283982,1966-04-01
1966,5,-0.328566,1966-05-01
1966,6,-0.297968,1966-06-01
1966,7,-0.251946,1966-07-01
1966,8,-0.298431,1966-08-01
1966,9,-0.302465,1966-09-01
1966,10,-0.302349,1966-10-01
1966,11,-0.273285,1966-11-01
1966,12,-0.274572,1966-12-01
1967,1,-0.324817,1967-01-01
1967,2,-0.348572,1967-02-01
1967,3,-0.312409,1967-03-01
1967,4,-0.332279,1967-04-01
1967,5,-0.243886,1967-05-01
1967,6,-0.247991,1967-06-01
1967,7,-0.273928,1967-07-01
1967,8,-0.245488,1967-08-01
1967,9,-0.32021,1967-09-01
1967,10,-0.298374,1967-10-01
1967,11,-0.365246,1967-11-01
1967,12,-0.406092,1967-12-01
1968,1,-0.447834,1968-01-01
1968,2,-0.422424,1968-02-01
1968,3,-0.419861,1968-03-01
1968,4,-0.368541,1968-04-01
1968,5,-0.33114,1968-05-01
1968,6,-0.264725,1968-06-01
1968,7,-0.291571,1968-07-01
1968,8,-0.249511,1968-08-01
1968,9,-0.246289,1968-09-01
1968,10,-0.182682,1968-10-01
1968,11,-0.172941,1968-11-01
1968,12,-0.147468,1968-12-01
1969,1,-0.068,1969-01-01
1969,2,-0.08011,1969-02-01
1969,3,-0.049993,1969-03-01
1969,4,-0.042423,1969-04-01
1969,5,-0.047277,1969-05-01
1969,6,-0.182208,1969-06-01
1969,7,-0.226113,1969-07-01
1969,8,-0.169388,1969-08-01
1969,9,-0.15789,1969-09-01
1969,10,-0.172006,1969-10-01
1969,11,-0.173602,1969-11-01
1969,12,-0.149274,1969-12-01
1970,1,-0.124877,1970-01-01
1970,2,-0.1696,1970-02-01
1970,3,-0.18232,1970-03-01
1970,4,-0.168583,1970-04-01
1970,5,-0.228663,1970-05-01
1970,6,-0.311255,1970-06-01
1970,7,-0.332397,1970-07-01
1970,8,-0.277112,1970-08-01
1970,9,-0.252842,1970-09-01
1970,10,-0.226924,1970-10-01
1970,11,-0.248921,1970-11-01
1970,12,-0.318528,1970-12-01
1971,1,-0.309377,1971-01-01
1971,2,-0.402248,1971-02-01
1971,3,-0.404008,1971-03-01
1971,4,-0.352646,1971-04-01
1971,5,-0.335943,1971-05-01
1971,6,-0.385429,1971-06-01
1971,7,-0.337205,1971-07-01
1971,8,-0.336411,1971-08-01
1971,9,-0.39809,1971-09-01
1971,10,-0.373566,1971-10-01
1971,11,-0.403319,1971-11-01
1971,12,-0.414266,1971-12-01
1972,1,-0.289045,1972-01-01
1972,2,-0.228101,1972-02-01
1972,3,-0.268374,1972-03-01
1972,4,-0.208297,1972-04-01
1972,5,-0.265346,1972-05-01
1972,6,-0.223482,1972-06-01
1972,7,-0.206118,1972-07-01
1972,8,-0.197858,1972-08-01
1972,9,-0.183988,1972-09-01
1972,10,-0.137595,1972-10-01
1972,11,-0.089634,1972-11-01
1972,12,0.000457,1972-12-01
1973,1,-0.012534,1973-01-01
1973,2,-0.034178,1973-02-01
1973,3,-0.074597,1973-03-01
1973,4,-0.102396,1973-04-01
1973,5,-0.113231,1973-05-01
1973,6,-0.174782,1973-06-01
1973,7,-0.18811,1973-07-01
1973,8,-0.205742,1973-08-01
1973,9,-0.186221,1973-09-01
1973,10,-0.222282,1973-10-01
1973,11,-0.266109,1973-11-01
1973,12,-0.370152,1973-12-01
1974,1,-0.32836,1974-01-01
1974,2,-0.371168,1974-02-01
1974,3,-0.388605,1974-03-01
1974,4,-0.391976,1974-04-01
1974,5,-0.325745,1974-05-01
1974,6,-0.347041,1974-06-01
1974,7,-0.32193,1974-07-01
1974,8,-0.25582,1974-08-01
1974,9,-0.28177,1974-09-01
1974,10,-0.281259,1974-10-01
1974,11,-0.295625,1974-11-01
1974,12,-0.302585,1974-12-01
1975,1,-0.254054,1975-01-01
1975,2,-0.272605,1975-02-01
1975,3,-0.278435,1975-03-01
1975,4,-0.297025,1975-04-01
1975,5,-0.283864,1975-05-01
1975,6,-0.320124,1975-06-01
1975,7,-0.308436,1975-07-01
1975,8,-0.331269,1975-08-01
1975,9,-0.328348,1975-09-01
1975,10,-0.398177,1975-10-01
1975,11,-0.434302,1975-11-01
1975,12,-0.467169,1975-12-01
1976,1,-0.416506,1976-01-01
1976,2,-0.359543,1976-02-01
1976,3,-0.356662,1976-03-01
1976,4,-0.342067,1976-04-01
1976,5,-0.395232,1976-05-01
1976,6,-0.324325,1976-06-01
1976,7,-0.303615,1976-07-01
1976,8,-0.275931,1976-08-01
1976,9,-0.289789,1976-09-01
1976,10,-0.193672,1976-10-01
1976,11,-0.140315,1976-11-01
1976,12,-0.054481,1976-12-01
1977,1,0.002337,1977-01-01
1977,2,-0.01446,1977-02-01
1977,3,-0.074038,1977-03-01
1977,4,-0.102608,1977-04-01
1977,5,-0.109643,1977-05-01
1977,6,-0.125314,1977-06-01
1977,7,-0.152113,1977-07-01
1977,8,-0.152709,1977-08-01
1977,9,-0.109514,1977-09-01
1977,10,-0.109647,1977-10-01
1977,11,-0.16819,1977-11-01
1977,12,-0.182161,1977-12-01
1978,1,-0.136727,1978-01-01
1978,2,-0.153032,1978-02-01
1978,3,-0.145343,1978-03-01
1978,4,-0.190287,1978-04-01
1978,5,-0.193656,1978-05-01
1978,6,-0.180846,1978-06-01
1978,7,-0.208139,1978-07-01
1978,8,-0.221677,1978-08-01
1978,9,-0.198194,1978-09-01
1978,10,-0.203336,1978-10-01
1978,11,-0.146297,1978-11-01
1978,12,-0.115823,1978-12-01
1979,1,-0.076475,1979-01-01
1979,2,-0.09379,1979-02-01
1979,3,-0.064354,1979-03-01
1979,4,-0.042668,1979-04-01
1979,5,-0.091638,1979-05-01
1979,6,-0.046402,1979-06-01
1979,7,-0.080188,1979-07-01
1979,8,-0.041846,1979-08-01
1979,9,-0.027281,1979-09-01
1979,10,-0.011817,1979-10-01
1979,11,0.006604,1979-11-01
1979,12,0.054037,1979-12-01
1980,1,0.071446,1980-01-01
1980,2,0.047267,1980-02-01
1980,3,0.069386,1980-03-01
1980,4,0.011264,1980-04-01
1980,5,0.012189,1980-05-01
1980,6,-0.030046,1980-06-01
1980,7,-0.04164,1980-07-01
1980,8,-0.104653,1980-08-01
1980,9,-0.081252,1980-09-01
1980,10,-0.141519,1980-10-01
1980,11,-0.075703,1980-11-01
1980,12,-0.065498,1980-12-01
1981,1,-0.084394,1981-01-01
1981,2,-0.097064,1981-02-01
1981,3,-0.043945,1981-03-01
1981,4,-0.05966,1981-04-01
1981,5,-0.050144,1981-05-01
1981,6,-0.002857,1981-06-01
1981,7,-0.038178,1981-07-01
1981,8,-0.111792,1981-08-01
1981,9,-0.085916,1981-09-01
1981,10,-0.072655,1981-10-01
1981,11,-0.070518,1981-11-01
1981,12,-0.002945,1981-12-01
1982,1,-0.031846,1982-01-01
1982,2,-0.104374,1982-02-01
1982,3,-0.10312,1982-03-01
1982,4,-0.106342,1982-04-01
1982,5,-0.068607,1982-05-01
1982,6,-0.106878,1982-06-01
1982,7,-0.169159,1982-07-01
1982,8,-0.147762,1982-08-01
1982,9,-0.04048,1982-09-01
1982,10,-0.003848,1982-10-01
1982,11,0.002012,1982-11-01
1982,12,0.044056,1982-12-01
1983,1,0.110961,1983-01-01
1983,2,0.087293,1983-02-01
1983,3,0.044789,1983-03-01
1983,4,0.031176,1983-04-01
1983,5,0.029853,1983-05-01
1983,6,0.032414,1983-06-01
1983,7,-0.029743,1983-07-01
1983,8,-0.003861,1983-08-01
1983,9,-0.025002,1983-09-01
1983,10,-0.062905,1983-10-01
1983,11,-0.063136,1983-11-01
1983,12,-0.064414,1983-12-01
1984,1,-0.044539,1984-01-01
1984,2,-0.031719,1984-02-01
1984,3,-0.052299,1984-03-01
1984,4,-0.099702,1984-04-01
1984,5,-0.114225,1984-05-01
1984,6,-0.158606,1984-06-01
1984,7,-0.145582,1984-07-01
1984,8,-0.10392,1984-08-01
1984,9,-0.028383,1984-09-01
1984,10,-0.128473,1984-10-01
1984,11,-0.131253,1984-11-01
1984,12,-0.1384,1984-12-01
1985,1,-0.125218,1985-01-01
1985,2,-0.09526,1985-02-01
1985,3,-0.124877,1985-03-01
1985,4,-0.153261,1985-04-01
1985,5,-0.122198,1985-05-01
1985,6,-0.160517,1985-06-01
1985,7,-0.147264,1985-07-01
1985,8,-0.164788,1985-08-01
1985,9,-0.104953,1985-09-01
1985,10,-0.111782,1985-10-01
1985,11,-0.13333,1985-11-01
1985,12,-0.115941,1985-12-01
1986,1,-0.126397,1986-01-01
1986,2,-0.101296,1986-02-01
1986,3,-0.119529,1986-03-01
1986,4,-0.110331,1986-04-01
1986,5,-0.110691,1986-05-01
1986,6,-0.095931,1986-06-01
1986,7,-0.099148,1986-07-01
1986,8,-0.098608,1986-08-01
1986,9,-0.064389,1986-09-01
1986,10,-0.007963,1986-10-01
1986,11,-0.060481,1986-11-01
1986,12,-0.038819,1986-12-01
1987,1,-0.010291,1987-01-01
1987,2,0.002371,1987-02-01
1987,3,0.028067,1987-03-01
1987,4,0.022493,1987-04-01
1987,5,0.040821,1987-05-01
1987,6,0.029103,1987-06-01
1987,7,0.076784,1987-07-01
1987,8,0.10711,1987-08-01
1987,9,0.134956,1987-09-01
1987,10,0.110507,1987-10-01
1987,11,0.15765,1987-11-01
1987,12,0.089522,1987-12-01
1988,1,0.174762,1988-01-01
1988,2,0.15903,1988-02-01
1988,3,0.140313,1988-03-01
1988,4,0.084868,1988-04-01
1988,5,0.039571,1988-05-01
1988,6,-0.002227,1988-06-01
1988,7,-0.025601,1988-07-01
1988,8,-0.014858,1988-08-01
1988,9,-0.028715,1988-09-01
1988,10,-0.038533,1988-10-01
1988,11,-0.126588,1988-11-01
1988,12,-0.144753,1988-12-01
1989,1,-0.08345,1989-01-01
1989,2,-0.090652,1989-02-01
1989,3,-0.076118,1989-03-01
1989,4,-0.040567,1989-04-01
1989,5,-0.047657,1989-05-01
1989,6,-0.048913,1989-06-01
1989,7,-0.001834,1989-07-01
1989,8,0.015547,1989-08-01
1989,9,0.018225,1989-09-01
1989,10,-0.033303,1989-10-01
1989,11,-0.022693,1989-11-01
1989,12,-0.024449,1989-12-01
1990,1,0.012263,1990-01-01
1990,2,0.086529,1990-02-01
1990,3,0.092536,1990-03-01
1990,4,0.086579,1990-04-01
1990,5,0.084976,1990-05-01
1990,6,0.037834,1990-06-01
1990,7,0.076482,1990-07-01
1990,8,0.046245,1990-08-01
1990,9,0.018183,1990-09-01
1990,10,0.071834,1990-10-01
1990,11,0.071568,1990-11-01
1990,12,0.045882,1990-12-01
1991,1,0.042061,1991-01-01
1991,2,0.031805,1991-02-01
1991,3,0.041021,1991-03-01
1991,4,0.10475,1991-04-01
1991,5,0.05467,1991-05-01
1991,6,0.064257,1991-06-01
1991,7,0.056542,1991-07-01
1991,8,0.021291,1991-08-01
1991,9,-0.010143,1991-09-01
1991,10,-0.05468,1991-10-01
1991,11,-0.031371,1991-11-01
1991,12,-0.031216,1991-12-01
1992,1,-0.023441,1992-01-01
1992,2,0.003495,1992-02-01
1992,3,0.013725,1992-03-01
1992,4,0.03082,1992-04-01
1992,5,0.037675,1992-05-01
1992,6,0.024285,1992-06-01
1992,7,-0.083614,1992-07-01
1992,8,-0.127251,1992-08-01
1992,9,-0.125292,1992-09-01
1992,10,-0.160335,1992-10-01
1992,11,-0.165735,1992-11-01
1992,12,-0.133677,1992-12-01
1993,1,-0.041333,1993-01-01
1993,2,-0.033395,1993-02-01
1993,3,-0.038082,1993-03-01
1993,4,-0.024048,1993-04-01
1993,5,0.015313,1993-05-01
1993,6,0.002724,1993-06-01
1993,7,-0.063297,1993-07-01
1993,8,-0.085664,1993-08-01
1993,9,-0.067057,1993-09-01
1993,10,-0.072654,1993-10-01
1993,11,-0.089752,1993-11-01
1993,12,-0.10281,1993-12-01
1994,1,-0.088323,1994-01-01
1994,2,-0.087381,1994-02-01
1994,3,-0.039796,1994-03-01
1994,4,-0.016248,1994-04-01
1994,5,-0.008466,1994-05-01
1994,6,-0.01573,1994-06-01
1994,7,-0.024622,1994-07-01
1994,8,-0.03325,1994-08-01
1994,9,-0.04207,1994-09-01
1994,10,0.030511,1994-10-01
1994,11,0.071963,1994-11-01
1994,12,0.068606,1994-12-01
1995,1,0.063152,1995-01-01
1995,2,0.087614,1995-02-01
1995,3,0.064141,1995-03-01
1995,4,0.033305,1995-04-01
1995,5,-0.004524,1995-05-01
1995,6,0.016724,1995-06-01
1995,7,0.053814,1995-07-01
1995,8,0.057669,1995-08-01
1995,9,-0.014963,1995-09-01
1995,10,0.005371,1995-10-01
1995,11,0.022576,1995-11-01
1995,12,-0.035648,1995-12-01
1996,1,-0.034023,1996-01-01
1996,2,0.012951,1996-02-01
1996,3,0.027729,1996-03-01
1996,4,0.024264,1996-04-01
1996,5,0.00257,1996-05-01
1996,6,0.017929,1996-06-01
1996,7,-0.027099,1996-07-01
1996,8,0.0288,1996-08-01
1996,9,-0.000104,1996-09-01
1996,10,-0.038137,1996-10-01
1996,11,-0.020771,1996-11-01
1996,12,-0.004681,1996-12-01
1997,1,-0.010955,1997-01-01
1997,2,0.043688,1997-02-01
1997,3,0.07411,1997-03-01
1997,4,0.038009,1997-04-01
1997,5,0.103407,1997-05-01
1997,6,0.170343,1997-06-01
1997,7,0.18108,1997-07-01
1997,8,0.202639,1997-08-01
1997,9,0.243545,1997-09-01
1997,10,0.258047,1997-10-01
1997,11,0.258872,1997-11-01
1997,12,0.285475,1997-12-01
1998,1,0.282591,1998-01-01
1998,2,0.310373,1998-02-01
1998,3,0.261268,1998-03-01
1998,4,0.276342,1998-04-01
1998,5,0.281146,1998-05-01
1998,6,0.270705,1998-06-01
1998,7,0.2352,1998-07-01
1998,8,0.218489,1998-08-01
1998,9,0.085021,1998-09-01
1998,10,0.089669,1998-10-01
1998,11,0.117571,1998-11-01
1998,12,0.071793,1998-12-01
1999,1,0.047988,1999-01-01
1999,2,0.029521,1999-02-01
1999,3,0.096082,1999-03-01
1999,4,0.050356,1999-04-01
1999,5,-0.003999,1999-05-01
1999,6,0.000448,1999-06-01
1999,7,-0.030558,1999-07-01
1999,8,-0.037261,1999-08-01
1999,9,-0.035377,1999-09-01
1999,10,-0.067257,1999-10-01
1999,11,-0.066112,1999-11-01
1999,12,-0.034339,1999-12-01
2000,1,-0.02399,2000-01-01
2000,2,0.024104,2000-02-01
2000,3,0.025557,2000-03-01
2000,4,0.029137,2000-04-01
2000,5,-0.008154,2000-05-01
2000,6,-0.037435,2000-06-01
2000,7,-0.005529,2000-07-01
2000,8,0.033161,2000-08-01
2000,9,0.057322,2000-09-01
2000,10,0.041928,2000-10-01
2000,11,0.02154,2000-11-01
2000,12,0.032184,2000-12-01
2001,1,0.056973,2001-01-01
2001,2,0.064988,2001-02-01
2001,3,0.129374,2001-03-01
2001,4,0.13979,2001-04-01
2001,5,0.141813,2001-05-01
2001,6,0.160265,2001-06-01
2001,7,0.1662,2001-07-01
2001,8,0.160094,2001-08-01
2001,9,0.142778,2001-09-01
2001,10,0.172623,2001-10-01
2001,11,0.151224,2001-11-01
2001,12,0.14743,2001-12-01
2002,1,0.153975,2002-01-01
2002,2,0.177232,2002-02-01
2002,3,0.217961,2002-03-01
2002,4,0.197112,2002-04-01
2002,5,0.188408,2002-05-01
2002,6,0.19369,2002-06-01
2002,7,0.158327,2002-07-01
2002,8,0.128058,2002-08-01
2002,9,0.151032,2002-09-01
2002,10,0.157246,2002-10-01
2002,11,0.131101,2002-11-01
2002,12,0.168715,2002-12-01
2003,1,0.161435,2003-01-01
2003,2,0.171667,2003-02-01
2003,3,0.200848,2003-03-01
2003,4,0.159729,2003-04-01
2003,5,0.165687,2003-05-01
2003,6,0.164992,2003-06-01
2003,7,0.193539,2003-07-01
2003,8,0.232422,2003-08-01
2003,9,0.23436,2003-09-01
2003,10,0.242643,2003-10-01
2003,11,0.194661,2003-11-01
2003,12,0.166797,2003-12-01
2004,1,0.18715,2004-01-01
2004,2,0.237735,2004-02-01
2004,3,0.200076,2004-03-01
2004,4,0.207471,2004-04-01
2004,5,0.117755,2004-05-01
2004,6,0.113241,2004-06-01
2004,7,0.145387,2004-07-01
2004,8,0.18046,2004-08-01
2004,9,0.180014,2004-09-01
2004,10,0.199639,2004-10-01
2004,11,0.190293,2004-11-01
2004,12,0.164181,2004-12-01
2005,1,0.175758,2005-01-01
2005,2,0.156501,2005-02-01
2005,3,0.183948,2005-03-01
2005,4,0.180412,2005-04-01
2005,5,0.209299,2005-05-01
2005,6,0.202354,2005-06-01
2005,7,0.215164,2005-07-01
2005,8,0.221376,2005-08-01
2005,9,0.186771,2005-09-01
2005,10,0.15388,2005-10-01
2005,11,0.122372,2005-11-01
2005,12,0.098186,2005-12-01
2006,1,0.125087,2006-01-01
2006,2,0.131344,2006-02-01
2006,3,0.115809,2006-03-01
2006,4,0.143911,2006-04-01
2006,5,0.162232,2006-05-01
2006,6,0.182097,2006-06-01
2006,7,0.180963,2006-07-01
2006,8,0.209911,2006-08-01
2006,9,0.2084,2006-09-01
2006,10,0.188144,2006-10-01
2006,11,0.218194,2006-11-01
2006,12,0.195541,2006-12-01
2007,1,0.212488,2007-01-01
2007,2,0.188819,2007-02-01
2007,3,0.130208,2007-03-01
2007,4,0.10958,2007-04-01
2007,5,0.10974,2007-05-01
2007,6,0.135795,2007-06-01
2007,7,0.102922,2007-07-01
2007,8,0.074948,2007-08-01
2007,9,0.071589,2007-09-01
2007,10,0.043825,2007-10-01
2007,11,-0.025551,2007-11-01
2007,12,-0.06525,2007-12-01
2008,1,-0.031984,2008-01-01
2008,2,-0.023817,2008-02-01
2008,3,0.024912,2008-03-01
2008,4,0.041574,2008-04-01
2008,5,0.054885,2008-05-01
2008,6,0.097424,2008-06-01
2008,7,0.137801,2008-07-01
2008,8,0.158662,2008-08-01
2008,9,0.157332,2008-09-01
2008,10,0.131698,2008-10-01
2008,11,0.090415,2008-11-01
2008,12,0.090745,2008-12-01
2009,1,0.098109,2009-01-01
2009,2,0.081076,2009-02-01
2009,3,0.1119,2009-03-01
2009,4,0.145764,2009-04-01
2009,5,0.20346,2009-05-01
2009,6,0.297893,2009-06-01
2009,7,0.29422,2009-07-01
2009,8,0.290972,2009-08-01
2009,9,0.219347,2009-09-01
2009,10,0.237789,2009-10-01
2009,11,0.253243,2009-11-01
2009,12,0.309634,2009-12-01
2010,1,0.303765,2010-01-01
2010,2,0.315665,2010-02-01
2010,3,0.309115,2010-03-01
2010,4,0.296772,2010-04-01
2010,5,0.268055,2010-05-01
2010,6,0.251599,2010-06-01
2010,7,0.228163,2010-07-01
2010,8,0.210089,2010-08-01
2010,9,0.169516,2010-09-01
2010,10,0.103708,2010-10-01
2010,11,0.081262,2010-11-01
2010,12,0.059724,2010-12-01
2011,1,0.074931,2011-01-01
2011,2,0.093108,2011-02-01
2011,3,0.101187,2011-03-01
2011,4,0.106152,2011-04-01
2011,5,0.1273,2011-05-01
2011,6,0.159775,2011-06-01
2011,7,0.147026,2011-07-01
2011,8,0.134935,2011-08-01
2011,9,0.09468,2011-09-01
2011,10,0.067028,2011-10-01
2011,11,0.073059,2011-11-01
2011,12,0.027467,2011-12-01
2012,1,0.050501,2012-01-01
2012,2,0.077814,2012-02-01
2012,3,0.082082,2012-03-01
2012,4,0.119721,2012-04-01
2012,5,0.178388,2012-05-01
2012,6,0.169124,2012-06-01
2012,7,0.203933,2012-07-01
2012,8,0.234135,2012-08-01
2012,9,0.239402,2012-09-01
2012,10,0.229231,2012-10-01
2012,11,0.200748,2012-11-01
2012,12,0.188228,2012-12-01
2013,1,0.147841,2013-01-01
2013,2,0.16114,2013-02-01
2013,3,0.173963,2013-03-01
2013,4,0.190945,2013-04-01
2013,5,0.204815,2013-05-01
2013,6,0.184929,2013-06-01
2013,7,0.242684,2013-07-01
2013,8,0.26488,2013-08-01
2013,9,0.237058,2013-09-01
2013,10,0.216763,2013-10-01
2013,11,0.218247,2013-11-01
2013,12,0.175757,2013-12-01
2014,1,0.197726,2014-01-01
2014,2,0.194555,2014-02-01
2014,3,0.207129,2014-03-01
2014,4,0.278148,2014-04-01
2014,5,0.315469,2014-05-01
2014,6,0.345657,2014-06-01
2014,7,0.324316,2014-07-01
2014,8,0.374732,2014-08-01
2014,9,0.37411,2014-09-01
2014,10,0.32477,2014-10-01
2014,11,0.280514,2014-11-01
2014,12,0.278854,2014-12-01
2015,1,0.291704,2015-01-01
2015,2,0.266923,2015-02-01
2015,3,0.315255,2015-03-01
2015,4,0.353955,2015-04-01
2015,5,0.403534,2015-05-01
2015,6,0.417362,2015-06-01
2015,7,0.414093,2015-07-01
2015,8,0.447335,2015-08-01
2015,9,0.487728,2015-09-01
2015,10,0.518691,2015-10-01
2015,11,0.512817,2015-11-01
2015,12,0.517792,2015-12-01
2016,1,0.563848,2016-01-01
2016,2,0.50921,2016-02-01
2016,3,0.528192,2016-03-01
2016,4,0.480887,2016-04-01
2016,5,0.45488,2016-05-01
2016,6,0.460179,2016-06-01
2016,7,0.449041,2016-07-01
2016,8,0.45018,2016-08-01
2016,9,0.408423,2016-09-01
2016,10,0.386151,2016-10-01
2016,11,0.303863,2016-11-01
2016,12,0.31411,2016-12-01
2017,1,0.397757,2017-01-01
2017,2,0.422791,2017-02-01
2017,3,0.429579,2017-03-01
2017,4,0.42401,2017-04-01
2017,5,0.401765,2017-05-01
2017,6,0.385265,2017-06-01
2017,7,0.427058,2017-07-01
2017,8,0.42897,2017-08-01
2017,9,0.365239,2017-09-01
2017,10,0.353955,2017-10-01
2017,11,0.316436,2017-11-01
2017,12,0.259377,2017-12-01
2018,1,0.273478,2018-01-01
2018,2,0.265137,2018-02-01
2018,3,0.303142,2018-03-01
2018,4,0.349702,2018-04-01
2018,5,0.350072,2018-05-01
2018,6,0.323721,2018-06-01
2018,7,0.340025,2018-07-01
2018,8,0.35013,2018-08-01
2018,9,0.375619,2018-09-01
2018,10,0.417834,2018-10-01
2018,11,0.408576,2018-11-01
2018,12,0.407212,2018-12-01
2019,1,0.383589,2019-01-01
2019,2,0.407374,2019-02-01
2019,3,0.413355,2019-03-01
2019,4,0.424447,2019-04-01
2019,5,0.412403,2019-05-01
2019,6,0.466663,2019-06-01
2019,7,0.473277,2019-07-01
2019,8,0.473845,2019-08-01
2019,9,0.415885,2019-09-01
2019,10,0.416821,2019-10-01
2019,11,0.431425,2019-11-01
2019,12,0.443894,2019-12-01
2020,1,0.495415,2020-01-01
2020,2,0.472871,2020-02-01
2020,3,0.501641,2020-03-01
2020,4,0.500678,2020-04-01
2020,5,0.450259,2020-05-01
2020,6,0.435859,2020-06-01
2020,7,0.434677,2020-07-01
2020,8,0.437457,2020-08-01
2020,9,0.377072,2020-09-01
2020,10,0.329307,2020-10-01
2020,11,0.299966,2020-11-01
2020,12,0.238376,2020-12-01
2021,1,0.237248,2021-01-01
2021,2,0.235867,2021-02-01
2021,3,0.269271,2021-03-01
2021,4,0.284199,2021-04-01
2021,5,0.307315,2021-05-01
2021,6,0.348039,2021-06-01
2021,7,0.393676,2021-07-01
2021,8,0.370176,2021-08-01
2021,9,0.367331,2021-09-01
2021,10,0.355361,2021-10-01
2021,11,0.353176,2021-11-01
2021,12,0.304037,2021-12-01
2022,1,0.353913,2022-01-01
2022,2,0.334548,2022-02-01
2022,3,0.341291,2022-03-01
2022,4,0.321686,2022-04-01
2022,5,0.333684,2022-05-01
2022,6,0.383909,2022-06-01
2022,7,0.368836,2022-07-01
2022,8,0.409251,2022-08-01
2022,9,0.390184,2022-09-01
2022,10,0.354726,2022-10-01
2022,11,0.35477,2022-11-01
2022,12,0.357069,2022-12-01
2023,1,0.362601,2023-01-01
2023,2,0.392849,2023-02-01
2023,3,0.490947,2023-03-01
2023,4,0.54511,2023-04-01
2023,5,0.536585,2023-05-01
2023,6,0.603421,2023-06-01
2023,7,0.6837,2023-07-01
2023,8,0.721603,2023-08-01
2023,9,0.722537,2023-09-01
2023,10,0.703922,2023-10-01
2023,11,0.694612,2023-11-01
2023,12,0.699326,2023-12-01
2024,1,0.724449,2024-01-01
2024,2,0.733242,2024-02-01
2024,3,0.693736,2024-03-01
2024,4,0.704779,2024-04-01
2024,5,0.669135,2024-05-01
2024,6,0.654869,2024-06-01
2024,7,0.661242,2024-07-01
2024,8,0.647113,2024-08-01
2024,9,0.644023,2024-09-01
2024,10,0.633105,2024-10-01
2024,11,0.604815,2024-11-01
2024,12,0.569119,2024-12-01
2025,1,0.612527,2025-01-01
2025,2,0.589618,2025-02-01
